$ANSIBLE_VAULT;1.1;AES256
31366663313239363530623364633837653631663330363566623033623535383735393162663161
3534383835303230623932376263643430316136313130380a336562636135663432613734356437
65613033623932613339616136623735353965643562303834373130653966353934663935623263
3932393866303130300a393636373934396461333766313935383936653764323833333337643363
33383565393033376132643039663263613739613331373566346433613633643537643330336630
30386332346161663337393133396265346339613636356462326639656662633034323431363637
66316139333464363033666366386565316261643462653336373961326565333531623736663130
65633237383063633335363431353531623431663139363361613265353063333363613863633330
33383937383564363930373336316265653166353537343639336364653465623430663564343535
30343761646536386431653839366561656637356434376239646261303139613566323038373438
39613363323166383565636435396639353735666432666239383838326234333862313761326135
33323835656639653364653366663630386439363938323537613530306663303661343864313334
39643163613935393863303761623835633032623435326266653239306237666238666332613532
61623863333461316439363435336563303164373038306566303331353231303633313139663566
35343138303366343262656363666563613738356630636136383030366266323030356531626333
35346435336439623839396564376531303638353533653763383466393034363933353064623261
65666632393832303564343730336335343837313931393833343861336563323334326561306238
36393934653138333039653837376236373935336138303436613339333239633363613261643066
37386364386430653463663632333863366562383236613264376362363530396562313065363664
39626265656537396531383035656638633132666566656231376637666137303961623863653138
64313162336336386261636534373761643831353634373130323462393232653965333861646534
33653266393963623633626437396364363537366232316164356534653135643539613532623130
32353630653034303661663336303264663733303335343764383637346363663932616563333161
61613137633737393933353761356239363034366332343164373031363232376234643464626431
61613538633534636636353934646431656538326133336338623331653334383666323734386462
61353835316531316231336136633733623735336432613165343963316363623964363430313133
313937656463323438393437366439636435
